[[[[695.0,5.200000762939453,-90.0,48.0,9.599998474121094],[156.12744140625,416.466552734375,-8.365885734558105,34.36568069458008,7.332897186279297],[0.5,22.5,-90.0,1.0,45.0],[48.799964904785156,406.7498779296875,0.0,143.50009155273438,94.39997863769531],[427.1291198730469,204.15182495117188,0.0,320.4696350097656,582.658203125]]
][[[238.0,479.0,0.0,0.0,0.0],[678.6998291015625,52.099998474121094,0.0,103.79997253417969,80.40013122558594],[46.256080627441406,471.9902038574219,-47.366058349609375,85.63336181640625,58.776798248291016],[607.9000244140625,346.5,-90.0,221.800048828125,265.0],[278.734619140625,158.59597778320312,0.0,201.574462890625,532.667724609375]]
][[[692.0181884765625,43.26959991455078,-54.46019744873047,110.936767578125,85.58450317382812],[708.9999389648438,433.0,0.0,91.99998474121094,19.999996185302734],[111.11097717285156,373.75860595703125,-64.37387084960938,139.32997131347656,257.50213623046875],[465.4402160644531,243.30702209472656,-5.283240795135498,479.0924072265625,78.82093811035156],[139.67494201660156,64.36810302734375,-74.14306640625,299.496337890625,46.85779571533203]]
][[[337.5,479.0,0.0,0.0,65.0],[0.4999999403953552,258.0,-0.0,109.99998474121094,0.9999998807907104],[24.0,440.95001220703125,-90.0,48.0,75.89999389648438],[179.441650390625,454.4569396972656,-62.3005256652832,66.30484008789062,90.35485076904297],[376.6310119628906,192.5503387451172,-0.0,340.27166748046875,684.4584350585938]]
][[[580.3984375,239.34996032714844,-90.0,276.8018798828125,478.0995178222656],[187.2427215576172,234.5033416748047,0.0,432.1858215332031,327.4739074707031]]
][[[579.2190551757812,214.34922790527344,-3.130316599708749e-6,390.27288818359375,279.28936767578125],[94.09400177001953,255.00918579101562,-89.99999237060547,131.78073120117188,447.7814025878906]]
][[[718.5,226.0,-0.0,54.0,1.0],[0.08648926019668579,250.49696350097656,-89.56950378417969,0.6263703107833862,133.0037841796875],[674.9783935546875,9.621319770812988,-54.7625617980957,143.864013671875,58.511070251464844],[359.4495544433594,351.8499450683594,-90.0,717.8990478515625,252.8997802734375],[226.14976501464844,83.2999267578125,-89.99999237060547,451.6994934082031,163.9996337890625]]
][[[407.0,294.0,0.0,0.0,0.0],[250.5,478.5,-90.0,279.0,1.0],[383.7696533203125,23.631147384643555,-32.57420349121094,64.5417251586914,78.66055297851562],[627.3499145507812,239.60000610351562,-90.0,182.7000732421875,478.79986572265625],[126.39987182617188,239.45005798339844,0.0,478.0995788574219,252.19979858398438]]
][[[719.0,262.0,0.0,0.0,0.0],[717.906005859375,18.135740280151367,-28.523447036743164,49.05477523803711,18.6427059173584],[511.21234130859375,16.686935424804688,-39.876258850097656,123.332763671875,53.373863220214844],[661.5096435546875,432.40631103515625,-0.6095329523086548,93.60539245605469,113.98299407958984],[280.4871826171875,225.0539093017578,0.0,421.2829895019531,487.5841064453125]]
][[[143.0,121.0,0.0,0.0,0.0],[17.05000114440918,29.5,-0.0,59.0,33.900001525878906],[465.7989807128906,234.2503204345703,-90.0,505.59796142578125,467.4971618652344],[92.09992980957031,342.3500061035156,0.0,272.69989013671875,183.59988403320312]]
][[[334.0,1.0,0.0,0.0,0.0],[490.0,0.5,0.0,1.0,126.0],[136.2177276611328,35.95487594604492,-66.80139923095703,247.536865234375,113.88102722167969],[8.099996566772461,305.89990234375,0.0,345.79974365234375,15.799991607666016],[444.45452880859375,238.0007781982422,-89.99998474121094,548.505126953125,475.5982666015625]]
][[[337.0,141.0,0.0,0.0,0.0],[370.1365966796875,221.35205078125,0.0,403.4814453125,697.0712890625]]
][[[493.0,149.0,0.0,0.0,0.0],[111.13419342041016,438.90509033203125,-52.938175201416016,328.7983703613281,113.75646209716797],[252.7498321533203,70.6499252319336,0.0,140.69979858398438,504.4996032714844],[183.19300842285156,251.99009704589844,-70.30797576904297,20.832313537597656,100.90093994140625],[560.2987060546875,239.64988708496094,-90.0,317.0015869140625,478.0995178222656]]
][[[1.0,178.0,0.0,0.0,0.0],[185.1000213623047,264.0,0.0,45.99999237060547,15.799924850463867],[0.9507946968078613,372.038330078125,-1.0707160234451294,214.0373077392578,4.097684860229492],[155.09014892578125,455.919677734375,-45.36459732055664,53.650508880615234,127.12212371826172],[359.3974304199219,240.90127563476562,-90.0,718.3948364257812,461.996337890625]]
][[[327.5,478.0,0.0,0.0,61.0],[585.4500122070312,456.5,-90.0,266.8999938964844,45.0],[165.9497833251953,450.29864501953125,-64.50241088867188,23.93979835510254,69.01359558105469],[359.495361328125,154.54869079589844,-90.0,718.190673828125,284.4916076660156],[0.5,406.0,-0.0,146.0,1.0]]
][[[718.75830078125,294.5088806152344,-88.02507019042969,0.5169342160224915,29.01723861694336],[649.39990234375,97.15000915527344,-90.0,138.800048828125,193.69992065429688],[621.9998779296875,455.45001220703125,-90.0,193.99996948242188,46.899986267089844],[258.679443359375,265.8117370605469,-89.99999237060547,428.1637268066406,408.9705810546875]]
][[[648.1575317382812,480.18597412109375,-12.066078186035156,21.49709129333496,146.07672119140625],[720.340576171875,106.44417572021484,-15.54903793334961,238.7376708984375,48.690528869628906],[251.31561279296875,244.61477661132812,-89.99999237060547,398.4500427246094,361.95819091796875]]
][[[446.3055419921875,224.2830047607422,-3.262761116027832,256.87542724609375,74.50519561767578],[331.0,479.0,0.0,0.0,62.0],[561.0,3.249999761581421,-90.0,316.0,5.499999523162842],[147.69842529296875,228.0507049560547,0.0,455.6950378417969,282.196044921875],[696.5750732421875,365.10540771484375,-53.67322540283203,145.47344970703125,334.709716796875]]
][[[475.0,185.0,0.0,0.0,0.0],[599.9500122070312,41.199989318847656,0.0,81.59999084472656,237.89999389648438],[169.0,0.5,-90.0,338.0,1.0],[362.5968933105469,282.6015319824219,0.0,361.3991394042969,711.9937744140625]]
][[[1.0,359.0,0.0,0.0,0.0],[519.5,478.5,-90.0,73.0,1.0],[61.68031311035156,473.7804260253906,-76.17786407470703,128.87249755859375,23.011960983276367],[247.0,478.5,0.8951737284660339,0.0,64.0078125],[363.7869567871094,210.4532928466797,-90.0,709.9729614257812,386.2810363769531]]
][[[609.3500366210938,239.84999084472656,-90.0,218.7000732421875,478.2997741699219],[216.0499725341797,26.150001525878906,-90.0,431.8999328613281,51.69999694824219],[203.39736938476562,376.4991455078125,-90.0,406.1947021484375,194.40048217773438]]
][[[342.5,0.5,6.340191841125488,0.0,9.05538558959961],[594.9500122070312,91.64999389648438,0.0,182.699951171875,247.89999389648438],[668.2235717773438,465.13189697265625,-36.124881744384766,73.67840576171875,215.41763305664062],[386.8165588378906,416.6816101074219,-1.974787950515747,123.90533447265625,45.904273986816406],[114.64839935302734,234.799072265625,0.0,468.3948974609375,228.2968292236328]]
][[[409.0,376.0,0.0,0.0,0.0],[0.06826114654541016,476.5863952636719,-11.309932708740234,5.09902286529541,0.880581259727478],[260.4999694824219,478.5,0.0,0.9999998807907104,240.99996948242188],[96.24993896484375,188.5499725341797,-1.1598098126341938e-6,376.8998718261719,191.49996948242188],[522.6998291015625,239.59994506835938,-90.0,391.39990234375,478.39971923828125]]
][[[721.4042358398438,53.65503692626953,-23.35500144958496,143.78128051757812,37.72697830200195],[720.7600708007812,356.22430419921875,-73.79729461669922,48.9411735534668,271.9598693847656],[35.0,479.0,0.0,0.0,70.0],[39.00334167480469,42.14551544189453,-46.78358459472656,92.31062316894531,176.450927734375],[365.57489013671875,270.4031066894531,0.0,362.35589599609375,369.97674560546875]]
][[[182.5,0.0,0.0,0.0,31.0],[14.350001335144043,34.64999771118164,-90.0,27.299997329711914,68.70000457763672],[442.0,364.0,-29.357755661010742,0.0,73.43023681640625],[532.4500122070312,172.75001525878906,-90.0,372.9000244140625,344.4999694824219],[359.4497985839844,354.60003662109375,-90.0,718.6995849609375,248.19985961914062]]
][[[351.5,478.0,0.0,0.0,9.0],[-0.24674201011657715,454.5568542480469,-3.504093885421753,48.99176788330078,2.4943981170654297],[601.4500122070312,409.0499267578125,-90.0,234.70004272460938,139.10018920898438],[189.92462158203125,397.6169128417969,-66.97946166992188,62.20744705200195,209.6972198486328],[359.5960693359375,163.9986572265625,-90.0,718.39208984375,321.39312744140625]]
][[[481.5,0.5,-90.0,85.0,1.0],[699.2236328125,342.04949951171875,-57.264957427978516,125.79454803466797,356.2384033203125],[669.7293090820312,7.224265098571777,-72.55291748046875,110.0636215209961,20.54237937927246],[182.84996032714844,121.10003662109375,-90.0,364.2998352050781,241.7999267578125],[203.69815063476562,398.19732666015625,-90.0,407.39630126953125,160.80380249023438]]
][[[288.0,134.0,0.0,0.0,0.0],[359.6474304199219,231.10067749023438,0.0,461.5963134765625,718.2947998046875]]
][[[41.18452835083008,8.48830795288086,-33.81110763549805,46.93986892700195,122.68647003173828],[604.5,478.5,-90.0,229.0,1.0],[203.59744262695312,361.1508483886719,0.0,227.495849609375,406.59124755859375],[458.0,0.5,0.0,1.0,522.0],[718.5,249.0,-0.0,262.0,1.0]]
][[[394.0,479.0,0.0,0.0,0.0],[273.5,0.5,-90.0,125.0,1.0],[590.5,0.5,0.0,1.0,257.0],[699.5214233398438,339.88897705078125,-60.34148406982422,100.91886138916016,389.8018798828125],[151.39932250976562,236.10040283203125,0.0,472.1982421875,302.1986083984375]]
][[[550.5081787109375,0.21451780200004578,-88.36341857910156,35.0142822265625,0.5711954832077026],[145.2874298095703,26.703128814697266,-34.566993713378906,139.23841857910156,404.14300537109375],[715.3847045898438,273.2787780761719,-65.23918914794922,120.0601577758789,497.4826354980469],[148.50253295898438,458.0068054199219,-28.559677124023438,76.20088195800781,222.3566436767578],[404.5,434.0,-83.03173828125,0.0,90.66973114013672]]
][[[719.0,384.0,0.0,0.0,0.0],[531.5,0.5,-90.0,17.0,1.0],[665.0,478.5,0.0,1.0,108.0],[715.8497314453125,122.21276092529297,-17.791284561157227,281.459228515625,57.69282150268555],[279.27484130859375,236.75538635253906,-0.0,386.46295166015625,408.1772766113281]]
][[[415.0,0.0,0.0,0.0,0.0],[32.0,64.0,-90.0,64.0,128.0],[666.3999633789062,172.5499725341797,0.0,344.8999328613281,104.80003356933594],[608.5,478.5,0.0,1.0,221.0],[282.0238952636719,275.3081359863281,-89.99999237060547,423.0798645019531,354.9708251953125]]
][[[604.5382080078125,480.84893798828125,-9.813788414001465,25.980749130249023,240.51998901367188],[715.3327026367188,146.34764099121094,-23.8634033203125,338.0498352050781,87.3278579711914],[267.04656982421875,393.69793701171875,-90.0,179.892578125,169.60018920898438],[26.64999771118164,331.49993896484375,0.0,294.99993896484375,52.699989318847656],[211.74989318847656,76.4500732421875,-90.0,422.4997253417969,147.09970092773438]]
][[[510.0,0.5,0.0,1.0,38.0],[96.00140380859375,420.56005859375,-17.57579231262207,139.7772216796875,196.5367889404297],[336.49822998046875,0.6363403797149658,-89.25594329833984,77.0064926147461,0.27270424365997314],[101.14997100830078,76.59998321533203,0.0,152.79995727539062,201.6999969482422],[550.0463256835938,236.8514862060547,-90.0,337.0914306640625,473.0959777832031]]
][[[718.5577392578125,463.87939453125,-74.74417877197266,8.284111022949219,34.205360412597656],[54.506752014160156,1.7064690589904785,-13.683981895446777,21.70492935180664,118.3595962524414],[131.64785766601562,330.8006286621094,-89.99998474121094,205.45054626464844,266.601806640625],[479.300537109375,453.3951416015625,-42.76274871826172,152.7584991455078,146.7425994873047],[508.12799072265625,112.74485778808594,-90.0,421.4810791015625,214.08004760742188]]
]