[
    [
        [
            [718.5,320.0,87.1375961303711,0.0,20.02498435974121],
            [0.0,307.0,90.0,0.0,44.0],
            [660.0,478.5,0.0,1.0,118.0],     
            [640.9067993164062,9.033760070800781,-58.814483642578125,266.5120849609375,72.92915344238281], 
            [293.42730712890625,238.40872192382812,0.0,334.3657531738281,462.8746337890625]
        ]
    ],[
        [
            [15.847856521606445,449.4285583496094,-84.09366607666016,29.66087532043457,60.29073715209961],
            [1.0,290.0,90.0,0.0,40.0],
            [388.3796691894531,207.90234375,0.0,354.1705322265625,660.953369140625]
        ]
    ],[
        [
            [719.0,174.5,90.0,0.0,57.0],
            [718.5,315.5,-0.0,39.0,1.0],
            [637.6165771484375,480.8988952636719,-12.458036422729492,24.60116195678711,176.1468963623047], 
            [301.988525390625,227.8532257080078,-0.0,364.47039794921875,519.17236328125],
            [711.5,43.099998474121094,-90.0,15.0,85.80000305175781]
        ]
    ],[
        [
            [349.6191101074219,372.36199951171875,-2.386026382446289,21.620800018310547,31.84734535217285],
            [593.2404174804688,103.04841613769531,0.0,169.4918212890625,251.30233764648438],
            [125.73234558105469,242.060791015625,-89.99999237060547,218.65762329101562,395.2696228027344],
            [558.1461181640625,404.86737060546875,-75.4267578125,343.2694091796875,107.56288146972656]
        ]
    ],[
        [
            [196.5,180.0,-33.690067291259766,0.0,3.605551242828369],
            [142.4487762451172,293.7027587890625,0.0,319.2020263671875,280.2972717285156],
            [580.228515625,362.600341796875,-90.0,277.22503662109375,215.19955444335938],
            [361.0923767089844,95.29972076416016,-0.0,188.99246215820312,715.5843505859375]
        ]
    ],[
        [
            [326.0,236.0,0.0,0.0,0.0],
            [376.3851013183594,221.7528533935547,0.0,385.4784851074219,684.9666137695312]
        ]
    ],[
        [
            [329.0,195.0,0.0,0.0,0.0],
            [364.5448303222656,230.20077514648438,0.0,447.99261474609375,708.488525390625]
        ]
    ],[
        [
            [405.0,295.0,0.0,0.0,0.0],
            [359.9454040527344,224.80096435546875,0.0,448.19342041015625,717.2906494140625]
        ]
    ],[
        [
            [319.0044860839844,478.2500915527344,-88.97696685791016,56.00891876220703,0.4999202489852905],
            [718.5,22.5,-90.0,1.0,45.0],
            [580.4000244140625,455.0,-90.0,276.800048828125,48.0],
            [718.4999389648438,235.49998474121094,0.0,242.99996948242188,0.9999998807907104],
            [336.8766784667969,217.0039520263672,-89.99999237060547,621.3504638671875,299.36468505859375]
        ]
    ],[
        [[143.0,121.0,0.0,0.0,0.0],[408.9400939941406,316.0660095214844,-81.46923065185547,0.890042781829834,20.2237491607666],[359.5484619140625,241.3507843017578,-90.0,718.296875,469.8978576660156]]],[[[332.0,127.0,0.0,0.0,0.0],[360.5441589355469,230.35166931152344,0.0,442.6918640136719,716.4880981445312]]],[[[333.0,479.0,0.0,0.0,0.0],[0.0,391.0,0.0,0.0,0.0],[0.25001513957977295,478.75006103515625,-45.0,1.4142134189605713,0.7071067094802856],[722.3423461914062,399.7373962402344,-73.9215087890625,33.285545349121094,172.52049255371094],[387.5274353027344,194.40057373046875,0.0,322.3664855957031,662.6492919921875]]],[[[464.0,209.0,0.0,0.0,0.0],[362.1930847167969,221.10134887695312,-90.0,712.7854614257812,435.990234375]]],[[[406.5999450683594,330.5044250488281,-87.39751434326172,5.239197731018066,22.749170303344727],[359.5440673828125,230.8519744873047,-90.0,718.2880859375,441.2917175292969]]],[[[696.5,0.5,-90.0,45.0,1.0],[303.7383117675781,210.15403747558594,-89.99999237060547,606.475830078125,401.48309326171875],[667.20556640625,344.30255126953125,-46.109336853027344,183.20278930664062,445.1579895019531]]],[[[718.5,221.0,-0.0,54.0,1.0],[643.4000244140625,41.19999694824219,-90.0,150.800048828125,81.60000610351562],[585.1976928710938,487.8416748046875,-23.961061477661133,80.3312759399414,325.2052307128906],[271.2757263183594,228.70794677734375,-89.99999237060547,427.9753723144531,356.56390380859375]]],[[[0.0,278.0,90.0,0.0,4.0],[381.7831726074219,218.85243225097656,0.0,376.2757263183594,673.9617309570312]]],[[[595.0,478.0,0.0,0.0,0.0],[507.5054016113281,478.7744140625,-1.123302698135376,0.5489141345024109,51.009803771972656],[374.9955139160156,478.7064208984375,-88.75463104248047,66.00614929199219,0.8476258516311646],[722.5557250976562,361.46209716796875,-78.06327056884766,31.24925994873047,251.43540954589844],[369.5830993652344,190.90185546875,0.0,363.37542724609375,698.1639404296875]]],[[[193.0,187.0,0.0,0.0,0.0],[362.34051513671875,226.852783203125,0.0,418.6866149902344,712.6802978515625]]],[[[222.5,130.5,45.0,0.0,1.4142135381698608],[362.0,0.5,-90.0,100.0,1.0],[109.10816192626953,0.35069942474365234,-18.8045711517334,50.40322494506836,234.77963256835938],[192.3987274169922,350.84375,-89.99999237060547,384.1957702636719,250.90997314453125],[603.3500366210938,239.50006103515625,-90.0,230.7000732421875,478.599853515625]]],[[[0.5,248.0,-0.0,20.0,1.0],[268.5,479.0,0.0,0.0,29.0],[546.5,478.5,-90.0,345.0,1.0],[107.34966278076172,407.3992919921875,0.0,138.80026245117188,214.29934692382812],[359.5960998535156,181.89932250976562,-90.0,718.192138671875,362.99371337890625]]],[[[376.0,201.0,46.332218170166016,0.0,60.8276252746582],[359.5960998535156,225.9509735107422,0.0,451.2943420410156,717.9921264648438]]],[[[105.0,167.0,0.0,0.0,0.0],[407.7052001953125,367.08984375,-2.8606607913970947,20.02497100830078,3.593435764312744],[359.5499572753906,22.600000381469727,0.0,44.79999542236328,718.89990234375],[720.5771484375,292.8800048828125,-70.51319122314453,89.16300964355469,414.7206115722656],[239.69973754882812,306.0500183105469,0.0,345.0995178222656,478.59942626953125]]],[[[392.0,479.0,0.0,0.0,0.0],[309.0,478.0,0.0,0.0,0.0],[572.5,0.5,0.0,1.0,127.0],[619.3999633789062,239.60003662109375,-90.0,198.800048828125,478.7999267578125],[262.429931640625,225.40576171875,-89.99999237060547,441.0675354003906,306.7516784667969]]],[[[468.0,416.0,0.0,0.0,0.0],[113.34925842285156,447.6981201171875,0.0,62.00328826904297,226.09854125976562],[359.497802734375,139.5485076904297,-90.0,718.195556640625,278.2947692871094],[511.849853515625,332.49993896484375,-90.0,413.6999206542969,292.7998352050781]]],[[[325.0,351.0,0.0,0.0,0.0],[359.54461669921875,228.60137939453125,-90.0,718.2891845703125,444.99249267578125]]],[[[325.0,478.0,0.0,0.0,0.0],[0.4999999403953552,208.99998474121094,-0.0,55.99999237060547,0.9999998807907104],[359.59613037109375,227.80105590820312,0.0,451.59442138671875,718.3922119140625]]],[[[358.5,89.5,-11.309932708740234,0.0,5.099019527435303],[407.5,389.5,82.56858825683594,0.0,23.194826126098633],[568.2500610351562,239.800048828125,-89.99999237060547,300.4998474121094,478.3998107910156],[202.14781188964844,234.79949951171875,-90.0,403.0955505371094,465.595458984375]]],[[[404.0,380.0,0.0,0.0,0.0],[223.99859619140625,230.10018920898438,-90.0,445.9970703125,459.1959228515625],[681.2269287109375,61.20222473144531,-41.080467224121094,310.3343200683594,100.37223052978516],[718.4999389648438,330.4999694824219,0.0,60.99999237060547,0.9999998807907104],[517.2451171875,485.4964294433594,-8.14851188659668,30.31703758239746,416.1009826660156]]],[[[408.5,384.0,0.0,0.0,3.0],[359.497314453125,230.70071411132812,-90.0,718.194580078125,460.59613037109375]]],[[[190.23654174804688,312.1016540527344,-30.06830596923828,20.454421997070312,7.983886241912842],[359.4478454589844,233.30059814453125,-90.0,718.2957153320312,465.7969970703125]]],[[[451.0,479.0,0.0,0.0,30.0],[374.4877014160156,215.90228271484375,0.0,399.781982421875,688.3720703125]]],[[[371.0,0.0,0.0,0.0,0.0],[60.59999084472656,42.749996185302734,-90.0,120.79998779296875,84.49999237060547],[629.978759765625,3.068023681640625,-61.535221099853516,283.2400817871094,76.4532241821289],[377.5386047363281,306.848388671875,0.0,254.310302734375,682.4738159179688],[209.5,0.5,0.9710219502449036,0.0,59.00847244262695]]],[[[409.0,407.0,0.0,0.0,0.0],[359.6981201171875,387.85028076171875,0.0,166.7017822265625,718.59619140625],[359.6912536621094,101.24832916259766,-0.0,202.09286499023438,718.3824462890625],[718.5,231.0,-0.0,278.0,1.0]]],[[[368.0,97.0,0.0,0.0,0.0],[359.54730224609375,235.5510711669922,-90.0,718.2945556640625,460.2961120605469]]],[[[363.0,0.5,2.862405300140381,0.0,20.02498435974121],[10.649996757507324,47.09999084472656,-90.0,20.69999122619629,93.79997253417969],[604.1539916992188,-1.6512856483459473,-82.63195037841797,233.9315948486328,23.37885093688965],[198.5,0.5,-90.0,119.0,1.0],[371.0414123535156,267.75433349609375,0.0,344.4970397949219,695.481201171875]]],[[[328.0,340.0,0.0,0.0,0.0],[359.44647216796875,229.4510040283203,0.0,453.6948547363281,718.0928955078125]]],[[[359.64874267578125,237.9504852294922,0.0,472.4983215332031,718.4974365234375],[210.18966674804688,335.15386962890625,-30.191455841064453,34.74544906616211,60.33156967163086]]],[[[1.0,223.0,0.0,0.0,0.0],[335.0,347.0,0.0,0.0,0.0],[256.6000061035156,74.70001220703125,-90.0,512.7999877929688,148.5999755859375],[102.19213104248047,398.19610595703125,-90.0,203.78431701660156,144.40414428710938],[492.8497314453125,239.800048828125,-90.0,451.69970703125,478.399658203125]]],[[[391.0,357.0,0.0,0.0,0.0],[298.5,0.0,0.0,0.0,3.0],[120.74981689453125,239.34999084472656,0.0,478.0995788574219,240.69967651367188],[502.84979248046875,239.70013427734375,-89.99999237060547,431.6996154785156,478.59979248046875]]],[[[464.0,416.0,0.0,0.0,0.0],[359.5478515625,234.5504913330078,-90.0,718.295654296875,465.8970031738281]]],[[[326.0,350.0,0.0,0.0,0.0],[449.5,0.5,0.0,1.0,71.0],[161.69998168945312,177.65000915527344,-90.0,322.59991455078125,354.6999206542969],[599.9500122070312,239.49990844726562,0.0,478.19952392578125,237.89999389648438],[208.499755859375,390.64990234375,-90.0,416.99951171875,176.50009155273438]]],[[[194.28717041015625,343.3756103515625,-6.069818496704102,79.34161376953125,18.850919723510742],[483.62078857421875,491.25390625,-19.100162506103516,76.88359832763672,518.342041015625],[579.7623291015625,18.57305908203125,-59.49054718017578,454.89068603515625,108.5666732788086],[123.1499252319336,123.65007019042969,-90.0,245.6999053955078,246.69985961914062],[28.603256225585938,423.0895690917969,-38.29978561401367,224.27227783203125,63.76556396484375]]],[[[17.05000114440918,80.0,-0.0,160.0,33.900001525878906],[509.4998779296875,448.1500244140625,-90.0,418.999755859375,61.499969482421875],[157.99755859375,0.18322467803955078,-0.4373638331890106,0.6717361211776733,136.003662109375],[533.7999877929688,185.5999755859375,0.0,370.7999267578125,369.60003662109375],[91.3912353515625,352.10009765625,-90.0,181.782470703125,247.79953002929688]]],[[[487.5,291.5,-59.03623962402344,0.0,5.830951690673828],[359.8990173339844,237.30032348632812,0.0,473.79864501953125,717.7979125976562]]],[[[489.0,281.0,18.434947967529297,0.0,6.324555397033691],[183.902099609375,288.27325439453125,-3.8140413761138916,45.099884033203125,5.219124794006348],[154.59982299804688,445.498779296875,-90.0,308.79962158203125,66.40255737304688],[359.5998840332031,239.50003051757812,-90.0,717.9996948242188,478.19976806640625]]],[[[488.0,282.0,-33.690067291259766,0.0,7.211102485656738],[408.00921630859375,478.3338317871094,-86.8201675415039,18.027755737304688,0.3328201174736023],[480.449951171875,39.199981689453125,-90.0,476.89990234375,77.5999755859375],[608.2500610351562,336.24969482421875,0.0,284.4995422363281,220.50009155273438],[165.3491973876953,235.75038146972656,0.0,471.0979309082031,329.8983459472656]]],[[[174.0,0.0,0.0,0.0,0.0],[386.233154296875,226.75267028808594,-0.0,379.67572021484375,665.060791015625]]],[[[0.0,243.0,0.0,0.0,0.0],[-0.9613323211669922,413.9654541015625,-6.1432695388793945,130.75152587890625,9.017967224121094],[6.368560791015625,81.82939147949219,-72.57005310058594,32.26546096801758,175.87738037109375],[432.53082275390625,191.4521026611328,0.0,365.0755920410156,572.6685791015625],[140.52061462402344,464.27838134765625,-44.075439453125,54.74002456665039,79.39329528808594]]],[[[480.1303405761719,326.41436767578125,-59.85861587524414,4.323944568634033,35.84689712524414],[375.3924865722656,239.05076599121094,-90.0,686.5819702148438,441.2893981933594]]],[[[362.246337890625,234.45057678222656,-90.0,712.89208984375,461.0950622558594],[306.64715576171875,137.57618713378906,-30.618608474731445,113.87712860107422,10.116167068481445]]],[[[424.0,478.5,0.0,1.0,36.0],[488.0,310.0,-78.69007110595703,0.0,20.39607810974121],[192.69802856445312,236.8496551513672,0.0,466.8945007324219,357.994384765625],[586.2500610351562,239.70001220703125,-90.0,264.5,478.599853515625]]],[[[180.3817596435547,217.93154907226562,-14.931418418884277,15.524173736572266,3.3496146202087402],[718.4999389648438,229.99996948242188,-0.0,101.99998474121094,0.9999998807907104],[359.4474792480469,158.14866638183594,-90.0,718.2949829101562,315.4948425292969],[359.59844970703125,398.749267578125,-90.0,718.3968505859375,155.3021240234375]]],[[[326.0,350.0,0.0,0.0,0.0],[362.4461669921875,231.85057067871094,-90.0,712.49169921875,457.0946350097656]]],[[[193.75289916992188,230.65049743652344,-12.36253833770752,74.7325668334961,10.743097305297852],[359.44744873046875,232.80078125,-90.0,718.0948486328125,461.5963134765625]]],[[[363.0,478.5,-90.0,66.0,1.0],[2.9538726806640625,454.2218017578125,-28.738218307495117,68.11009216308594,20.610158920288086],[180.49996948242188,478.5,0.0,0.9999998807907104,170.99996948242188],[595.7849731445312,479.7419738769531,-15.420719146728516,46.297752380371094,265.0505676269531],[359.44586181640625,151.39804077148438,-90.0,718.0916748046875,299.59210205078125]]],[[[542.0,478.0,0.0,0.0,0.0],[702.2603759765625,434.2030029296875,-50.48292922973633,65.63963317871094,162.28680419921875],[240.09994506835938,436.25006103515625,-90.0,479.79986572265625,84.50009155273438],[359.44793701171875,153.298828125,-90.0,718.0958251953125,305.79595947265625]]],[[[151.5,0.5,-90.0,303.0,1.0],[698.4981689453125,0.7714138031005859,-66.16062927246094,43.609493255615234,17.58301544189453],[501.0,0.5,0.0,1.0,226.0],[0.5,106.0,-0.0,66.0,1.0],[359.44647216796875,292.8488464355469,-89.99999237060547,718.0928955078125,370.90087890625]]],[[[192.30697631835938,214.22987365722656,-13.109208106994629,87.84133911132812,8.765456199645996],[359.5971984863281,229.2506866455078,0.0,457.6958312988281,718.1943359375]]],[[[719.0,248.0,0.0,0.0,0.0],[384.433349609375,226.4530792236328,-0.0,379.4759521484375,668.861328125]]],[[[187.0,68.0,0.0,0.0,0.0],[549.11767578125,66.97061157226562,-14.03624439239502,0.9701425433158875,12.369317054748535],[359.54443359375,238.4524383544922,-0.0,442.29217529296875,718.288818359375]]],[[[147.497314453125,236.25230407714844,0.0,444.6925354003906,294.39459228515625],[568.7476196289062,233.7515106201172,-90.0,299.4925537109375,466.4951477050781]]],[[[205.0,293.0,0.0,0.0,0.0],[540.603515625,479.2986755371094,-0.7943081855773926,3.1486990451812744,356.935302734375],[234.7490692138672,84.39938354492188,-90.0,468.4980773925781,167.99795532226562],[128.14935302734375,344.8499450683594,0.0,267.69989013671875,255.898681640625],[615.300048828125,184.15000915527344,-90.0,206.60009765625,367.6999816894531]]],[[[1.0,343.0,0.0,0.0,0.0],[381.5882263183594,230.5516815185547,0.0,411.2828674316406,674.1717529296875]]],[[[0.0,213.5,90.0,0.0,25.0],[1.32049560546875,58.666255950927734,-72.831787109375,30.557113647460938,125.03590393066406],[50.099998474121094,406.85003662109375,-90.0,99.80000305175781,143.7000732421875],[431.4352722167969,208.4036102294922,-4.433597496245056e-6,394.3814697265625,575.07568359375]]],[[[379.0,225.0,0.0,0.0,0.0],[614.0508422851562,481.9644775390625,-16.080448150634766,43.64952087402344,222.74179077148438],[518.0950317382812,146.6473846435547,-90.0,400.9967041015625,292.4925842285156],[183.6964111328125,236.20181274414062,0.0,438.590087890625,354.79205322265625]]],[[[359.4465026855469,236.9014892578125,-90.0,718.2930297851562,453.3948974609375],[330.48919677734375,181.08761596679688,-77.057373046875,165.1968536376953,62.4103889465332]]],[[[404.0,1.0,0.0,0.0,0.0],[319.0,1.0,0.0,0.0,0.0],[140.99884033203125,242.1510772705078,0.0,465.2968444824219,281.1976318359375],[522.249755859375,239.49996948242188,-90.0,392.499755859375,478.399658203125]]],[[[449.0,175.0,0.0,0.0,0.0],[395.4999694824219,478.5,0.0,0.9999998807907104,108.99998474121094],[127.84991455078125,304.8001708984375,0.0,343.60015869140625,254.69976806640625],[144.54893493652344,45.050296783447266,-90.0,288.8978576660156,89.29975128173828],[551.349853515625,239.6499786376953,-90.0,334.699951171875,478.4997863769531]]],[[[353.0,479.0,0.0,0.0,4.0],[617.124267578125,460.3743591308594,-32.34396743774414,87.4760513305664,354.910400390625],[143.09979248046875,445.049072265625,-90.0,285.799560546875,67.50192260742188],[177.69305419921875,189.8464813232422,-90.0,354.5860595703125,365.6870422363281],[597.4000244140625,110.54998016357422,-0.0,220.89990234375,242.800048828125]]],[[[182.0,81.5,-0.0,13.0,6.0],[461.0,0.5,-90.0,96.0,1.0],[158.84901428222656,234.1503448486328,0.0,467.2973327636719,316.6979675292969],[621.2499389648438,239.7000732421875,-90.0,194.5001220703125,478.599853515625],[412.0,478.5,-90.0,70.0,1.0]]],[[[663.449951171875,30.10000228881836,-90.0,110.9000244140625,59.79999542236328],[718.4999389648438,214.99998474121094,-0.0,189.99996948242188,0.9999998807907104],[103.19993591308594,418.75,-90.0,205.5999298095703,119.49998474121094],[256.9415283203125,163.99859619140625,0.0,245.97857666015625,511.8829345703125],[505.7939453125,483.6015930175781,-7.646655559539795,33.54401397705078,432.4736022949219]]],[[[299.505859375,478.5764465332031,-4.39870548248291,0.1533930003643036,13.038405418395996],[718.5,207.0,0.0,28.0,1.0],[565.5991821289062,477.711181640625,-24.892934799194336,94.08052825927734,378.4851989746094],[165.5,478.5,-90.0,95.0,1.0],[361.1866760253906,198.00286865234375,-90.0,714.7728881835938,385.38079833984375]]],[[[359.446533203125,230.50103759765625,0.0,454.1949462890625,718.093017578125],[223.319580078125,224.56263732910156,-43.9190788269043,18.221433639526367,74.96665954589844]]],[[[585.300048828125,401.0,-90.0,266.60009765625,156.0],[187.1990966796875,366.6004638671875,-90.0,373.59814453125,210.99966430664062],[45.231407165527344,82.38444519042969,-46.30771255493164,89.62651824951172,267.28887939453125],[503.94989013671875,124.65000915527344,0.0,248.69992065429688,429.8998718261719]]],[[[274.5126953125,87.2445297241211,-5.013044834136963,22.597505569458008,57.218624114990234],[360.14703369140625,229.80068969726562,-90.0,717.0938720703125,458.595703125]]],[[[212.1234588623047,273.9688720703125,-2.862405300140381,20.024986267089844,1.2484405040740967],[0.5,181.5,-0.0,85.0,1.0],[359.29998779296875,160.19998168945312,0.0,319.59991455078125,718.5999755859375],[359.5963134765625,406.4989013671875,0.0,120.60621643066406,718.392578125]]],[[[175.6477508544922,227.15086364746094,0.0,448.0932922363281,339.0947570800781],[556.2498779296875,239.65016174316406,-89.99999237060547,324.4997863769531,478.49957275390625]]],[[[479.0,245.0,0.0,0.0,0.0],[359.49591064453125,226.00082397460938,-90.0,718.1917724609375,450.994140625]]],[[[0.0,279.0,0.0,0.0,0.0],[0.5,116.5,84.80557250976562,0.0,11.045360565185547],[-0.7737531661987305,420.4802551269531,-8.197246551513672,119.21803283691406,13.757658958435059],[65.04998016357422,8.09999942779541,0.0,15.799997329711914,129.8999786376953],[434.58050537109375,242.9066925048828,-90.0,560.7716064453125,377.3764953613281]]],[[[544.0,0.5,-90.0,104.0,1.0],[700.3500366210938,65.55000305175781,-90.0,36.7000732421875,130.89999389648438],[718.4999389648438,255.5,0.0,60.99999237060547,0.9999998807907104],[2.549999952316284,434.5,-90.0,4.900000095367432,89.0],[377.1359558105469,216.60177612304688,0.0,394.77984619140625,683.6680908203125]]],[[[140.0,154.0,0.0,0.0,0.0],[364.44073486328125,228.3527069091797,-90.0,708.6802978515625,422.4869689941406]]],[[[502.62615966796875,237.39161682128906,-3.814074993133545,3.7915830612182617,15.033293724060059],[362.9954833984375,234.05113220214844,0.0,455.2937927246094,711.190185546875]]],[[[0.0,180.0,0.0,0.0,0.0],[718.9865112304688,476.0810852050781,-80.53767395019531,0.986393928527832,6.082762718200684],[9.431053161621094,21.20602035522461,-50.84449768066406,35.20641326904297,87.67168426513672],[389.7287292480469,204.44969177246094,-0.0,344.8687744140625,657.6507568359375],[353.5935974121094,318.7178955078125,-3.122424602508545,51.98165512084961,9.821587562561035]]],[[[505.0,245.5,87.0643310546875,0.0,39.051246643066406],[359.3973083496094,233.60089111328125,-90.0,718.1946411132812,459.99609375]]],[[[224.0,413.0,0.0,0.0,0.0],[216.8480682373047,301.790771484375,-24.44394874572754,18.03148078918457,22.407485961914062],[246.06016540527344,106.06920623779297,-7.305758953094482,39.3192024230957,8.952367782592773],[359.44989013671875,239.55003356933594,-90.0,718.0997314453125,478.2997741699219]]],[[[218.9427947998047,285.4954528808594,-85.60078430175781,13.000370025634766,66.1894760131836],[0.5,225.5,-0.0,297.0,1.0],[171.34986877441406,440.9496154785156,0.0,75.30091857910156,341.2996520996094],[561.2499389648438,239.5499725341797,-90.0,314.5,478.4997863769531],[147.49996948242188,6.7000017166137695,-90.0,294.99993896484375,12.599996566772461]]],[[[205.0,417.0,0.0,0.0,0.0],[718.5,326.5,-0.0,305.0,1.0],[555.449951171875,56.14998245239258,0.0,111.6999740600586,326.89996337890625],[568.5,456.95001220703125,-90.0,156.99996948242188,43.899986267089844],[183.49765014648438,238.39987182617188,0.0,463.99493408203125,366.19525146484375]]],[[[212.53302001953125,291.734130859375,-75.77294921875,13.973880767822266,74.4476547241211],[359.5985107421875,235.80047607421875,-90.0,718.39697265625,470.7979736328125]]],[[[214.8608856201172,269.3166809082031,-78.99545288085938,24.49256134033203,90.434814453125],[399.9999694824219,478.5,0.0,0.9999998807907104,61.99999237060547],[528.3997192382812,239.44996643066406,0.0,478.2996520996094,380.7997131347656],[156.09942626953125,374.90130615234375,-90.0,311.798828125,185.80062866210938],[137.69891357421875,102.65068817138672,0.0,152.49794006347656,274.7978515625]]],[[[222.53573608398438,248.2164764404297,-9.727692604064941,33.06022262573242,18.3846378326416],[359.5478820800781,233.70050048828125,0.0,465.99700927734375,718.095703125]]],[[[181.24656677246094,224.90072631835938,0.0,449.1915283203125,361.4930725097656],[582.1499633789062,130.70001220703125,-90.0,272.9002685546875,260.5999755859375],[575.9500122070312,404.0,-90.0,285.9000244140625,150.0]]],[[[208.5252227783203,251.8521270751953,-67.47917175292969,24.795001983642578,50.4228515625],[426.4914245605469,0.09592786431312561,-1.2188751697540283,0.8083277940750122,47.01063537597656],[629.89990234375,115.14997863769531,0.0,229.69992065429688,177.80001831054688],[176.65000915527344,135.15000915527344,-90.0,352.6999816894531,269.6999816894531],[359.59649658203125,404.49664306640625,-90.0,718.3929443359375,127.00997924804688]]],[[[158.0,58.0,0.0,0.0,0.0],[366.5,1.0,0.0,0.0,5.0],[147.94920349121094,235.90045166015625,0.0,470.9979248046875,295.2983703613281],[570.300048828125,239.7000732421875,-90.0,296.60009765625,478.599853515625]]],[[[330.0,0.0,0.0,0.0,0.0],[718.5,209.0,-0.0,112.0,1.0],[597.0003662109375,-1.9077682495117188,-71.19075012207031,291.5693359375,55.24553298950195],[359.4994201660156,238.99990844726562,-90.0,718.5988159179688,477.19927978515625]]],[[[0.0,241.0,0.0,0.0,0.0],[100.0,478.5,0.0,1.0,30.0],[67.0,0.5,-90.0,134.0,1.0],[6.199995517730713,394.45001220703125,-90.0,11.599992752075195,168.89999389648438],[443.6820373535156,219.30526733398438,-8.330610398843419e-6,419.7839660644531,532.9872436523438]]],[[[328.5,479.0,0.0,0.0,1.0],[94.18362426757812,477.4434814453125,-78.00688171386719,195.50631713867188,29.990453720092773],[700.9500122070312,95.55000305175781,-90.0,35.9000244140625,190.89999389648438],[568.8500366210938,386.0,-90.0,299.7000732421875,186.0],[296.47955322265625,154.20016479492188,0.0,172.57211303710938,591.3590087890625]]],[[[442.0,271.0,0.0,0.0,0.0],[361.3445129394531,242.1522216796875,0.0,443.4922180175781,714.8886108398438]]],[[[719.0,341.5,90.0,0.0,19.0],[539.39990234375,134.7499542236328,0.0,268.4998474121094,358.79986572265625],[138.3988037109375,146.19845581054688,0.0,291.59466552734375,272.3973388671875],[478.5,214.5,-51.78897476196289,0.0,59.81638717651367],[359.54986572265625,418.9501037597656,-90.0,718.2996826171875,117.900146484375]]],[[[519.0,229.0,0.0,0.0,0.0],[359.4457702636719,238.75184631347656,-90.0,718.2915649414062,449.6939392089844]]],[[[314.0,214.0,0.0,0.0,0.0],[366.44500732421875,233.70059204101562,0.0,451.19287109375,704.4884033203125]]],[[[414.0,90.0,0.0,0.0,0.0],[479.5,0.5,0.0,1.0,21.0],[590.9481201171875,239.5498809814453,-90.0,255.3037109375,478.2995910644531],[200.09735107421875,222.80111694335938,0.0,444.39239501953125,393.19427490234375]]],[[[710.25,98.04998779296875,-90.0,16.5001220703125,195.89996337890625],[148.5,0.5,0.0,1.0,63.0],[437.5,0.5,0.0,1.0,413.0],[20.249998092651367,154.10000610351562,-90.0,39.49998474121094,307.7999267578125],[359.4944152832031,372.3977966308594,0.0,212.40338134765625,718.1889038085938]]],[[[718.0,407.0,0.0,0.0,0.0],[688.0858764648438,472.7763671875,-3.8126726150512695,13.53159236907959,60.864864349365234],[718.5,172.5,-90.0,1.0,345.0],[316.69769287109375,231.2509307861328,-89.99998474121094,632.5949096679688,461.4969787597656]]],[[[718.5,299.0,-0.0,152.0,1.0],[673.1467895507812,480.9978942871094,-20.3201847076416,24.703399658203125,115.16870880126953],[0.5,282.0,-0.0,160.0,1.0],[359.5475769042969,138.79849243164062,-90.0,718.4951782226562,272.79437255859375],[263.1498718261719,428.2501220703125,0.0,98.30026245117188,525.69970703125]]],[[[264.0,128.0,0.0,0.0,0.0],[1.0,352.5,90.0,0.0,5.0],[359.54486083984375,374.899169921875,-90.0,718.2896728515625,207.4010009765625],[359.54986572265625,144.19992065429688,-90.0,718.2996826171875,287.59979248046875]]],[[[496.0,290.5,59.534454345703125,0.0,19.72308349609375],[647.3500366210938,111.70001220703125,-90.0,142.7000732421875,222.5999755859375],[246.15000915527344,56.19999694824219,-90.0,491.6999816894531,111.60000610351562],[607.2491455078125,476.4464111328125,-28.245052337646484,86.67512512207031,350.7602233886719],[163.09646606445312,353.1499938964844,0.0,215.906982421875,325.79290771484375]]],[[[462.0,1.0,0.0,0.0,0.0],[637.9500122070312,85.75001525878906,-90.0,161.9000244140625,170.49996948242188],[694.2999267578125,365.9499816894531,0.0,225.8999481201172,48.60009002685547],[299.1407775878906,244.90557861328125,0.0,370.176025390625,511.67510986328125]]],[[[359.5465087890625,232.1011962890625,-90.0,718.29296875,453.59490966796875],[315.9114685058594,249.02320861816406,-76.9666519165039,221.7115936279297,18.522756576538086]]],[[[408.0,479.0,0.0,0.0,0.0],[359.49566650390625,226.70098876953125,-90.0,718.1912841796875,449.59381103515625]]],[[[347.0,280.0,0.0,0.0,0.0],[378.5,478.5,-90.0,75.0,1.0],[181.0999755859375,52.70000457763672,-90.0,361.7999267578125,104.59999084472656],[582.300048828125,239.7500762939453,-90.0,272.60009765625,478.4998474121094],[135.0491943359375,335.3980407714844,0.0,283.20452880859375,269.09832763671875]]],[[[1.0,355.5,90.0,0.0,7.0],[50.50881576538086,478.0838928222656,-72.5251235961914,109.62531280517578,23.28316879272461],[577.300048828125,455.0,-90.0,282.60009765625,48.0],[718.5,261.5,-0.0,175.0,1.0],[367.8278503417969,146.84861755371094,0.0,280.6653137207031,702.2540283203125]]],[[[188.0,479.0,0.0,0.0,24.0],[37.7499885559082,440.95001220703125,0.0,75.90000915527344,74.49999237060547],[551.0488891601562,487.3659362792969,-10.213288307189941,36.09225082397461,343.5490417480469],[274.1147155761719,455.7376403808594,-39.80556869506836,62.481998443603516,2.3046627044677734],[360.3960876464844,129.39767456054688,0.0,250.19140625,717.1919555664062]]],[[[535.0,155.0,0.0,0.0,0.0],[497.0,294.0,0.0,0.0,0.0],[119.04988098144531,239.5500030517578,0.0,478.2997131347656,237.29983520507812],[273.80181884765625,467.9969787597656,-59.03623962402344,99.12619018554688,26.212013244628906],[548.3443603515625,239.5028076171875,-90.0,340.484375,477.9931640625]]],[[[162.0,251.0,0.0,0.0,0.0],[359.54388427734375,233.85243225097656,-90.0,718.2877197265625,438.8913879394531]]],[[[286.0,71.0,0.0,0.0,0.0],[359.4963073730469,240.1516571044922,0.0,453.4947204589844,718.3926391601562]]],[[[406.5,0.5,0.0,1.0,67.0],[136.6498260498047,203.30014038085938,0.0,399.39947509765625,272.2995910644531],[359.24981689453125,239.60000610351562,-90.0,718.4996337890625,478.39971923828125]]],[[[246.08102416992188,168.10568237304688,-33.38851547241211,3.339832305908203,52.697242736816406],[359.44775390625,234.4507293701172,-90.0,718.095458984375,464.0967712402344]]],[[[542.0,150.0,0.0,0.0,0.0],[219.0,301.0,0.0,0.0,4.0],[359.5478820800781,234.75038146972656,0.0,467.2970886230469,718.095703125]]],[[[519.0,373.0,0.0,0.0,0.0],[375.381591796875,205.15374755859375,0.0,366.2738037109375,686.759765625]]],[[[232.92764282226562,358.8463134765625,-3.963411808013916,101.24214935302734,11.299610137939453],[364.99664306640625,242.6005859375,0.0,466.3955078125,707.3919677734375]]],[[[128.34982299804688,239.5501251220703,0.0,478.0995788574219,255.89959716796875],[521.2999267578125,239.75001525878906,-90.0,394.5999755859375,478.4998474121094]]],[[[214.21974182128906,360.6613464355469,-15.333416938781738,123.77664947509766,27.23200035095215],[359.49957275390625,240.500244140625,-90.0,718.1990966796875,476.39935302734375]]],[[[222.62646484375,217.35586547851562,-85.60128784179688,3.7581286430358887,13.038405418395996],[264.6495666503906,387.5005187988281,0.0,172.80072021484375,528.6990966796875],[359.7496643066406,240.10012817382812,-90.0,717.4992065429688,477.199462890625]]],[[[583.4000244140625,33.14999771118164,-90.0,270.800048828125,65.70000457763672],[652.2523193359375,429.9554443359375,-42.987300872802734,131.76580810546875,463.0299072265625],[144.9486846923828,402.34857177734375,0.0,138.70443725585938,289.0973205566406],[180.64830017089844,98.94996643066406,-90.0,360.6965637207031,197.29666137695312]]],[[[229.82586669921875,327.674560546875,-44.999420166015625,44.54779052734375,12.542017936706543],[550.7499389648438,10.700000762939453,-90.0,336.5001220703125,20.599998474121094],[190.0,478.5,0.0,1.0,150.0],[520.800048828125,283.0,-90.0,395.60009765625,392.0],[151.34983825683594,239.5499725341797,0.0,478.6997985839844,302.0996398925781]]],[[[224.0,228.5,0.0,13.0,2.0],[140.00906372070312,478.13775634765625,-88.56790161132812,46.0106201171875,0.8747266530990601],[589.800048828125,239.80010986328125,-90.0,257.60009765625,478.3997802734375],[288.89300537109375,430.2686767578125,-45.541263580322266,226.9034423828125,69.47976684570312],[186.7499237060547,239.65003967285156,-90.0,372.4997863769531,478.2997741699219]]],[[[529.0,0.5,-7.125016689300537,0.0,8.062257766723633],[675.3500366210938,85.65000915527344,-90.0,86.7000732421875,170.69998168945312],[393.5,0.5,1.080924153327942,0.0,53.00943374633789],[160.5,0.5,0.0,1.0,119.0],[376.38592529296875,230.2008514404297,-0.0,394.3773193359375,649.9666748046875]]],[[[0.0,251.5,90.0,0.0,13.0],[0.5,155.5,-88.02507019042969,0.0,29.017236709594727],[70.0,22.5,-90.0,140.0,45.0],[32.95187759399414,478.9290466308594,-69.01490020751953,75.98555755615234,22.934917449951172],[462.986572265625,270.039306640625,-90.0,511.57000732421875,370.677734375]]],[[[441.0,126.0,0.0,0.0,0.0],[361.2932434082031,228.45240783691406,-90.0,714.7860717773438,433.2903137207031]]],[[[177.0,279.0,0.0,0.0,0.0],[355.5,0.5,-90.0,149.0,1.0],[506.7999267578125,400.449951171875,-90.0,423.59991455078125,156.89999389648438],[614.4000244140625,123.19994354248047,-89.99999237060547,208.800048828125,245.59986877441406],[129.74952697753906,239.5,0.0,478.19970703125,258.8990173339844]]],[[[0.5,195.5,-0.0,69.0,1.0],[10.0,44.0,-90.0,20.0,88.0],[16.038368225097656,475.1324462890625,-59.65674591064453,47.3078727722168,21.280548095703125],[0.04733121395111084,338.491455078125,-88.91908264160156,0.9054991602897644,53.009429931640625],[447.7237854003906,212.05508422851562,-6.448974545492092e-6,362.0710144042969,542.2655029296875]]],[[[509.5,478.5,-90.0,115.0,1.0],[16.367355346679688,404.3731384277344,-31.417787551879883,237.87301635742188,62.938934326171875],[719.8707275390625,283.48712158203125,-78.33306121826172,54.140350341796875,403.4784240722656],[285.7659912109375,437.062255859375,-80.08668518066406,120.0536880493164,93.86044311523438],[360.3917541503906,109.59919738769531,-90.0,717.1832885742188,215.99063110351562]]],[[[279.0,79.0,0.0,0.0,0.0],[363.0,0.5,0.0,1.0,108.0],[660.9359741210938,348.9790954589844,-45.28916549682617,167.92352294921875,460.48162841796875],[600.5,6.599999904632568,0.0,12.799995422363281,236.99996948242188],[128.34976196289062,239.5501251220703,0.0,478.0995788574219,255.89947509765625]]],[[[389.5,0.5,0.0,1.0,71.0],[606.0,0.5,0.0,1.0,226.0],[227.5,0.5,0.0,1.0,95.0],[118.49989318847656,239.2499237060547,0.0,478.2997131347656,236.1998291015625],[513.3499145507812,279.45001220703125,-90.0,410.699951171875,398.89990234375]]],[[[212.0,376.5,9.462322235107422,0.0,6.082762718200684],[230.47048950195312,269.5821228027344,-68.62934875488281,27.213422775268555,12.077880859375],[217.5,478.5,0.0,1.0,125.0],[48.69996643066406,239.3499298095703,0.0,478.4997253417969,96.59994506835938],[462.5959777832031,239.40023803710938,-3.656484523162362e-6,478.1993713378906,512.6055908203125]]],[[[242.0,257.0,0.0,0.0,0.0],[359.5975646972656,240.10116577148438,-90.0,717.9950561523438,462.396484375]]],[[[0.5,333.5,0.0,13.0,1.0],[31.75725555419922,463.5249938964844,-50.194068908691406,129.27342224121094,49.638671875],[470.55169677734375,232.70596313476562,-89.99998474121094,496.2928466796875,464.7904052734375],[62.24998092651367,139.59994506835938,0.0,278.79986572265625,123.4999771118164],[225.5,0.5,-90.0,97.0,1.0]]],[[[0.5,260.0,-0.0,62.0,1.0],[142.66641235351562,441.11553955078125,-89.02900695800781,283.80950927734375,77.00383758544922],[602.5941162109375,455.7501525878906,-32.42494583129883,107.87294006347656,402.2119140625],[222.65570068359375,226.4155731201172,-84.2891845703125,6.561357498168945,76.71748352050781],[359.44989013671875,84.24996948242188,-90.0,718.0997314453125,167.4998779296875]]],[[[718.5,178.0,-0.0,138.0,1.0],[719.0,328.0,90.0,0.0,34.0],[540.1007080078125,483.71234130859375,-10.978682518005371,44.89020538330078,367.3238220214844],[158.0440216064453,234.6479949951172,0.0,463.2903747558594,315.4880065917969],[583.7059936523438,-1.8919410705566406,-85.76469421386719,270.24029541015625,12.009845733642578]]],[[[293.99066162109375,478.1449890136719,-1.5074357986450195,0.7102803587913513,38.013153076171875],[663.9998168945312,30.550003051757812,-90.0,109.99998474121094,60.699981689453125],[120.99986267089844,239.5500030517578,0.0,478.0995788574219,240.99978637695312],[369.5,0.5,-90.0,343.0,1.0],[568.800048828125,323.0,-90.0,299.60009765625,312.0]]],[[[221.0,283.5,56.3099365234375,0.0,3.605551242828369],[240.77207946777344,215.22195434570312,-58.569671630859375,9.556864738464355,21.095020294189453],[513.2499389648438,239.70001220703125,-90.0,410.5,478.599853515625],[146.62710571289062,34.391937255859375,-0.8069364428520203,69.10699462890625,291.65655517578125],[116.99858856201172,309.8511657714844,-89.99998474121094,233.59327697753906,337.6973876953125]]],[[[225.0,298.0,0.0,0.0,0.0],[359.54534912109375,239.35215759277344,-90.0,718.2906494140625,447.0933532714844]]],[[[350.5155334472656,478.2362365722656,-86.633544921875,17.029386520385742,0.5284981727600098],[601.8500366210938,391.0,-90.0,233.7000732421875,176.0],[679.931396484375,59.40386962890625,-41.12741470336914,282.7801513671875,95.60101318359375],[214.3831787109375,449.76751708984375,-65.39419555664062,80.14069366455078,86.68744659423828],[288.1353759765625,235.6572723388672,0.0,347.6737976074219,507.8697509765625]]],[[[718.5,286.0,-0.0,116.0,1.0],[383.0827331542969,238.604248046875,0.0,372.97491455078125,669.3606567382812]]],[[[380.49395751953125,478.070556640625,-0.8069294095039368,0.8590697050094604,71.00704193115234],[136.49749755859375,242.5513458251953,0.0,454.2943420410156,271.99493408203125],[514.8539428710938,219.34054565429688,-19.220043182373047,115.43394470214844,17.25492286682129],[540.8895263671875,240.60354614257812,-89.99999237060547,355.7813720703125,475.9898681640625]]],[[[359.4971923828125,232.65089416503906,-90.0,718.1943359375,458.8959045410156],[264.66448974609375,215.15435791015625,-35.31121826171875,58.8216552734375,93.95689392089844]]],[[[359.6429748535156,225.00222778320312,0.0,434.190185546875,718.0858764648438],[503.0,246.5,-79.42646789550781,0.0,76.29547882080078]]],[[[355.0,0.0,0.0,0.0,0.0],[430.0,96.0,0.0,0.0,0.0],[444.99041748046875,0.9798082113265991,-88.85424041748047,50.00999450683594,0.9598080515861511],[128.24960327148438,239.39999389648438,0.0,478.39971923828125,255.899169921875],[563.8919677734375,238.80410766601562,-89.99998474121094,309.785888671875,476.9915466308594]]],[[[503.0,209.0,0.0,0.0,0.0],[361.2451477050781,225.8511199951172,0.0,446.6930236816406,714.68994140625]]],[[[142.0,286.0,0.0,0.0,0.0],[209.5,153.5,78.69007110595703,0.0,5.099019527435303],[359.54718017578125,233.85096740722656,-90.0,718.2943115234375,458.6958923339844],[408.0,191.0,-12.308015823364258,0.0,112.5877456665039]]],[[[431.0,137.0,0.0,0.0,0.0],[227.0,259.0,0.0,0.0,6.0],[115.09994506835938,156.6499786376953,0.0,312.6998596191406,229.39996337890625],[503.09930419921875,239.49984741210938,-90.0,431.2000732421875,478.19952392578125],[159.34925842285156,404.19921875,0.0,136.80380249023438,318.0984802246094]]],[[[450.0,478.0,0.0,0.0,0.0],[282.5,0.5,-90.0,49.0,1.0],[373.99005126953125,478.8379211425781,-88.31531524658203,34.01470184326172,0.6761781573295593],[569.300048828125,239.60003662109375,-90.0,298.60009765625,478.7999267578125],[149.69985961914062,239.50006103515625,0.0,478.39971923828125,298.59967041015625]]],[[[241.0,185.0,0.0,0.0,0.0],[28.55000114440918,143.5,-0.0,287.0,56.900001525878906],[230.0,0.5,-90.0,176.0,1.0],[359.44775390625,234.900634765625,-90.0,718.095458984375,464.79681396484375]]],[[[111.0499496459961,92.20000457763672,0.0,181.59982299804688,221.89991760253906],[495.84979248046875,239.5,-90.0,445.6998291015625,478.19970703125],[435.0,478.5,-90.0,212.0,1.0],[112.39350891113281,364.15118408203125,-90.0,224.18698120117188,203.10043334960938]]],[[[238.0,320.0,0.0,0.0,0.0],[536.0,258.5,85.03025817871094,0.0,23.0867919921875],[355.5894470214844,413.65130615234375,-90.0,709.9788208007812,61.70738983154297],[561.5814208984375,99.22176361083984,-14.103740692138672,107.19015502929688,348.8874816894531],[143.49734497070312,143.7153778076172,-0.6899873614311218,214.46116638183594,225.8165283203125]]],[[[432.0,126.0,0.0,0.0,0.0],[463.142578125,237.15028381347656,0.0,470.8963317871094,510.9049072265625],[40.549991607666016,204.99996948242188,0.0,409.99993896484375,80.89998626708984],[79.49998474121094,478.5,-90.0,158.99996948242188,0.9999998807907104]]],[[[287.0,104.0,-80.53767395019531,0.0,12.165525436401367],[363.5450134277344,229.80093383789062,-90.0,710.2891235351562,448.5928955078125]]],[[[479.0,127.0,0.0,0.0,0.0],[228.19723510742188,280.5091247558594,-46.7357063293457,23.345237731933594,9.637941360473633],[484.3998718261719,239.60003662109375,0.0,478.19964599609375,468.79974365234375],[104.89991760253906,154.1499481201172,0.0,307.6998596191406,208.7999267578125],[173.59970092773438,422.3499755859375,0.0,112.50013732910156,346.79937744140625]]],[[[343.0,1.0,0.0,0.0,0.0],[1.0,326.0,90.0,0.0,10.0],[605.5187377929688,-0.09962654113769531,-87.47723388671875,226.7203369140625,6.986576557159424],[81.14970397949219,80.59998321533203,-2.718486484809546e-6,160.7998046875,153.7001953125],[382.4370422363281,259.60333251953125,-0.0,314.58966064453125,672.8699951171875]]],[[[1.0,305.0,0.0,0.0,0.0],[163.5,0.0,0.0,0.0,31.0],[0.0,141.0,90.0,0.0,100.0],[46.0,18.0,-90.0,92.0,36.0],[376.9356384277344,235.2522430419922,-0.0,393.677490234375,656.0664672851562]]],[[[511.0,240.0,0.0,0.0,0.0],[722.4814453125,410.2005920410156,-66.57952117919922,45.49868392944336,159.09349060058594],[558.79931640625,121.69999694824219,0.0,242.59963989257812,320.0000915527344],[273.9942321777344,231.95248413085938,-89.99999237060547,541.9881591796875,416.485595703125]]],[[[377.0,186.0,0.0,0.0,0.0],[361.5448303222656,227.90127563476562,-90.0,714.2892456054688,445.99267578125]]],[[[556.0,0.0,0.0,0.0,0.0],[441.0,0.5,-90.0,110.0,1.0],[389.4964294433594,478.31134033203125,-1.080924153327942,0.37729132175445557,53.009429931640625],[161.99868774414062,232.00067138671875,0.0,463.1964111328125,322.997314453125],[597.0499877929688,239.39984130859375,0.0,478.19952392578125,243.50009155273438]]],[[[384.0,257.0,0.0,0.0,0.0],[359.59783935546875,233.80056762695312,-90.0,718.3956298828125,466.79705810546875],[244.02639770507812,163.18670654296875,-79.88790893554688,20.75678062438965,159.4775390625]]],[[[326.0,0.5,-26.56505012512207,0.0,2.2360680103302],[384.0,478.0,0.0,0.0,32.0],[607.4426879882812,481.3275451660156,-8.090187072753906,20.79718780517578,225.6660614013672],[673.4163818359375,102.09229278564453,-39.26462936401367,502.22265625,134.79347229003906],[142.1470184326172,232.6495819091797,0.0,464.4950866699219,283.4939880371094]]],[[[359.4964904785156,236.70147705078125,-90.0,718.3930053710938,453.794921875],[282.74072265625,156.7562713623047,-79.04593658447266,94.72591400146484,2.5336265563964844]]],[[[511.0,478.5,0.0,1.0,102.0],[490.0,0.0,0.0,0.0,50.0],[716.0479736328125,147.82168579101562,-22.33524513244629,340.34747314453125,87.41727447509766],[683.5,444.0,0.0,70.0,71.0],[282.28955078125,235.1045379638672,0.0,399.7841491699219,526.376953125]]],[[[359.446533203125,240.40145874023438,0.0,454.1949462890625,718.093017578125],[236.3119659423828,229.9712677001953,-85.73766326904297,6.856533050537109,161.44676208496094]]],[[[237.94573974609375,183.57192993164062,-7.385906219482422,54.929290771484375,4.613399505615234],[359.5485534667969,239.90069580078125,0.0,471.3980712890625,718.4971313476562]]],[[[225.0,318.0,0.0,0.0,0.0],[359.24615478515625,245.55181884765625,0.0,453.094482421875,717.8924560546875]]],[[[359.4474182128906,233.25086975097656,-90.0,718.2948608398438,461.6963195800781],[235.14035034179688,247.87437438964844,-84.8389663696289,4.514166355133057,155.6309814453125]]],[[[237.60000610351562,171.49998474121094,0.0,24.999996185302734,10.799985885620117],[126.84957885742188,403.8983154296875,0.0,149.40267944335938,253.09918212890625],[237.5,0.5,0.0,1.0,303.0],[14.749993324279785,124.50003051757812,-90.0,28.499982833862305,248.9998779296875],[516.2998657226562,239.65003967285156,-90.0,404.599853515625,478.4997863769531]]],[[[478.0,112.0,0.0,0.0,0.0],[240.6366424560547,177.29898071289062,-73.1416015625,5.510140419006348,34.481876373291016],[288.0,0.5,0.0,1.0,52.0],[98.699951171875,239.54994201660156,-9.127837756750523e-7,478.8998718261719,196.5999755859375],[453.10186767578125,236.5535125732422,-89.99999237060547,530.9976196289062,466.2955017089844]]],[[[647.0421142578125,479.1477966308594,-1.9844422340393066,3.084566593170166,143.98716735839844],[655.2999877929688,197.0999755859375,0.0,393.7999267578125,126.60008239746094],[128.14926147460938,241.70059204101562,0.0,473.9986572265625,255.89849853515625],[392.0,0.5,-90.0,254.0,1.0],[417.0,478.5,-90.0,152.0,1.0]]],[[[564.0000610351562,479.00006103515625,-45.0,1.4142134189605713,1.4142134189605713],[696.96875,470.308349609375,-39.74202346801758,35.136940002441406,115.64432525634766],[142.49954223632812,377.50115966796875,0.0,183.00094604492188,284.799072265625],[446.0,479.0,0.0,0.0,106.0],[359.5959167480469,130.89869689941406,-90.0,718.5918579101562,245.59268188476562]]],[[[719.0,143.0,0.0,0.0,0.0],[462.9837951660156,478.1758117675781,-2.862405300140381,0.6491889953613281,20.024986267089844],[705.5565185546875,424.2782287597656,-47.151241302490234,80.73733520507812,221.03225708007812],[639.2022094726562,-2.228567123413086,-69.54600524902344,197.44528198242188,36.594085693359375],[273.4884948730469,206.5512237548828,-0.0,380.67474365234375,481.97320556640625]]],[[[320.0,86.0,0.0,0.0,0.0],[362.5433654785156,230.80191040039062,0.0,438.99072265625,712.2860717773438]]],[[[359.4971618652344,234.50100708007812,-90.0,718.3943481445312,458.19586181640625],[284.36077880859375,224.9789276123047,-64.14813995361328,107.78682708740234,14.398792266845703]]],[[[0.0,235.5,90.0,0.0,17.0],[13.599996566772461,64.99998474121094,0.0,129.99996948242188,26.99999237060547],[-2.262054443359375,397.5202331542969,-18.435245513916016,176.01002502441406,39.83955383300781],[449.2272033691406,220.50540161132812,-6.609700449189404e-6,373.57647705078125,529.0794677734375]]],[[[574.0,418.0,0.0,0.0,0.0],[584.0,478.5,0.0,1.0,270.0],[189.0496063232422,413.9502258300781,-90.0,377.8992004394531,124.69996643066406],[721.0206298828125,195.0889434814453,-17.65486717224121,429.3065185546875,86.4777603149414],[250.79449462890625,94.04777526855469,-90.0,496.388671875,184.2860107421875]]],[[[508.0,284.0,0.0,0.0,0.0],[359.4447326660156,241.7524871826172,-90.0,718.2894897460938,443.4925231933594]]],[[[239.0,227.0,0.0,0.0,0.0],[359.5959167480469,229.2511444091797,0.0,450.8941345214844,717.9917602539062]]],[[[234.0,215.0,0.0,0.0,0.0],[359.5478515625,233.9005126953125,-90.0,718.295654296875,466.79705810546875]]],[[[441.0,479.0,0.0,0.0,0.0],[380.783447265625,220.6028594970703,0.0,375.3759765625,675.762451171875]]],[[[363.2389221191406,219.15281677246094,0.0,409.4844665527344,711.0770874023438],[466.4998779296875,111.4195785522461,-16.03234100341797,94.78492736816406,15.421883583068848]]],[[[158.0,156.0,0.0,0.0,0.0],[447.0,69.0,0.0,0.0,0.0],[141.74842834472656,229.60055541992188,0.0,458.39581298828125,282.6968078613281],[551.44384765625,233.10252380371094,-90.0,334.683837890625,465.5921936035156]]],[[[366.0,134.0,0.0,0.0,0.0],[249.86968994140625,138.0402069091797,-80.53777313232422,47.26235580444336,24.510581970214844],[312.4329833984375,403.9779357910156,-63.71346664428711,209.82557678222656,177.1747589111328],[577.9486694335938,235.85020446777344,-89.99998474121094,281.2984619140625,471.0983581542969],[186.7485809326172,230.0504913330078,-90.0,372.4971008300781,459.2959289550781]]],[[[238.515625,261.023193359375,-2.7258107662200928,58.02947235107422,1.7305952310562134],[359.54718017578125,233.50094604492188,-90.0,718.2943115234375,458.19586181640625]]],[[[251.0,99.0,-17.2414608001709,0.0,60.728904724121094],[359.4995422363281,136.09930419921875,0.0,271.598388671875,718.799072265625],[359.5499572753906,341.9000549316406,-89.99999237060547,718.099853515625,273.59991455078125]]],[[[343.0,375.0,0.0,0.0,0.0],[352.5,478.5,0.0,1.0,39.0],[631.798095703125,468.94854736328125,-31.545372009277344,60.56669235229492,303.8108825683594],[612.617919921875,37.18876647949219,-53.725765228271484,423.92364501953125,96.23355102539062],[150.2998046875,239.4501190185547,0.0,478.0995788574219,299.799560546875]]],[[[199.04989624023438,239.29959106445312,-88.45185852050781,69.20722198486328,86.29505157470703],[358.138916015625,233.8538055419922,-0.0,398.0833740234375,712.27783203125]]],[[[241.5983428955078,257.91802978515625,-39.80556869506836,7.8102498054504395,0.2560737133026123],[359.7953186035156,235.60195922851562,-90.0,717.5905151367188,446.39324951171875]]],[[[223.0,97.0,0.0,0.0,0.0],[360.2451477050781,226.05116271972656,-90.0,716.8900756835938,446.0930480957031]]],[[[480.5,142.0,63.43495178222656,0.0,2.2360680103302],[456.0,0.5,-90.0,162.0,1.0],[643.7999877929688,239.60003662109375,-90.0,149.60009765625,478.7999267578125],[471.0,478.5,0.0,1.0,72.0],[179.6472625732422,234.19967651367188,0.0,458.5938720703125,358.2944641113281]]],[[[238.78065490722656,255.67303466796875,-82.56876373291016,3.9440903663635254,48.44704818725586],[360.3473815917969,235.3004150390625,0.0,464.596435546875,717.0945434570312]]],[[[238.52955627441406,247.71994018554688,-79.2156982421875,2.9937937259674072,42.7551155090332],[359.54864501953125,238.00054931640625,0.0,472.398193359375,718.2972412109375]]],[[[359.4465026855469,247.90216064453125,0.0,453.99493408203125,718.4929809570312],[209.6776123046875,307.6065979003906,-56.14296340942383,5.396472454071045,95.13143157958984]]],[[[407.99847412109375,0.6044546961784363,-89.14490509033203,100.00379943847656,0.7014145255088806],[718.5,303.0,-0.0,136.0,1.0],[718.2284545898438,126.4976577758789,-89.5060806274414,0.6723887324333191,131.00375366210938],[616.949951171875,9.65000057220459,-90.0,203.9000244140625,18.699995040893555],[359.5943908691406,244.95278930664062,0.0,441.89215087890625,718.3888549804688]]],[[[128.44973754882812,239.45005798339844,0.0,478.2997131347656,255.8994140625],[504.7498779296875,239.69992065429688,-90.0,427.5,478.3997802734375]]],[[[154.5987548828125,234.20059204101562,0.0,463.796630859375,308.19744873046875],[542.8997192382812,239.44996643066406,0.0,478.4996643066406,351.7997131347656]]],[[[238.0,178.0,0.0,0.0,0.0],[237.0,298.0,0.0,14.0,4.0],[126.14990234375,395.84991455078125,0.0,165.70004272460938,251.4998779296875],[162.19989013671875,118.45005798339844,-90.0,323.5997314453125,236.09982299804688],[515.8499145507812,239.75001525878906,-90.0,405.699951171875,478.4998474121094]]],[[[237.0,306.0,0.0,0.0,0.0],[250.0,412.0,0.0,0.0,4.0],[241.72947692871094,180.9753875732422,-39.80556869506836,7.8102498054504395,3.2009220123291016],[359.44989013671875,239.4500274658203,-90.0,718.0997314453125,478.2997741699219]]],[[[412.0,238.0,0.0,0.0,0.0],[293.5517272949219,419.2377014160156,-66.35305786132812,160.5574188232422,158.8478240966797],[87.84979248046875,239.6499481201172,0.0,478.4996032714844,172.49984741210938],[506.23773193359375,244.9558563232422,-89.99999237060547,424.8805236816406,467.2882995605469]]],[[[506.0,240.0,0.0,0.0,0.0],[359.4951171875,239.602294921875,-90.0,718.190185546875,445.1929931640625]]],[[[407.5,238.0,0.0,0.0,9.0],[360.2464904785156,235.1510467529297,-90.0,716.6928100585938,454.0948791503906]]],[[[239.57237243652344,142.9846649169922,-60.945396423339844,2.122452974319458,10.29561996459961],[221.42176818847656,358.8441162109375,-87.79761505126953,26.29983901977539,107.77335357666016],[359.4495849609375,240.4502410888672,-90.0,718.09912109375,476.2993469238281]]],[[[240.0931854248047,135.7243194580078,-6.709846019744873,17.11722755432129,3.8398847579956055],[359.4975891113281,231.9506378173828,-90.0,718.3952026367188,463.2966003417969]]],[[[237.0,313.0,0.0,0.0,0.0],[718.5,226.5,-0.0,103.0,1.0],[359.4494323730469,66.89949798583984,-0.0,132.798828125,718.298828125],[359.59967041015625,350.90020751953125,-90.0,718.3992919921875,251.800048828125]]],[[[718.6183471679688,322.00311279296875,-88.49256896972656,0.23676013946533203,38.013153076171875],[611.2500610351562,120.70001220703125,-90.0,214.5001220703125,240.5999755859375],[228.70001220703125,95.20001220703125,-90.0,456.5999755859375,189.5999755859375],[539.9760131835938,485.15264892578125,-7.997079372406006,29.227964401245117,364.3651428222656],[128.34967041015625,360.300048828125,0.0,236.59982299804688,255.8992919921875]]],[[[232.0,113.0,0.0,0.0,0.0],[359.4475402832031,232.45069885253906,-90.0,718.2951049804688,462.2964782714844]]],[[[148.99575805664062,250.00323486328125,0.0,431.9892578125,296.991455078125],[525.849853515625,239.49996948242188,-90.0,385.699951171875,478.59979248046875]]],[[[286.0,106.0,0.0,0.0,0.0],[551.7500610351562,409.949951171875,-90.0,333.5001220703125,137.9000244140625],[586.82763671875,43.21315002441406,-55.73262023925781,467.0755615234375,122.65695190429688],[151.4976806640625,235.4007568359375,0.0,454.59442138671875,302.1953125]]],[[[106.5,0.5,-90.0,51.0,1.0],[359.5476989746094,232.400634765625,0.0,463.5966796875,718.0953369140625]]],[[[718.5,240.0,-0.0,188.0,1.0],[3.049999952316284,45.5,-0.0,91.0,5.900000095367432],[520.3499755859375,435.5,-90.0,396.699951171875,87.0],[127.949951171875,329.7498779296875,0.0,297.49993896484375,254.6998291015625],[393.94976806640625,50.15000534057617,-90.0,649.8995361328125,97.69995880126953]]],[[[550.62158203125,231.27023315429688,-35.53767776489258,17.20465087890625,0.9299811124801636],[178.74937438964844,376.4503173828125,0.0,193.3004150390625,356.4986877441406],[17.200002670288086,108.05000305175781,-90.0,33.599998474121094,215.89999389648438],[205.63095092773438,35.12977981567383,-80.5377197265625,198.9639129638672,88.1591567993164],[542.8499145507812,239.75001525878906,-90.0,351.6998291015625,478.4998474121094]]],[[[181.5,174.5,11.309932708740234,0.0,5.099019527435303],[359.6466064453125,237.1014404296875,0.0,454.79510498046875,718.4931640625],[441.5,237.0,3.4946389198303223,0.0,131.24404907226562]]],[[[511.0,291.0,0.0,0.0,0.0],[360.1970520019531,237.75099182128906,-90.0,716.5939331054688,463.0959777832031]]],[[[361.6947937011719,240.70098876953125,-90.0,713.7891235351562,456.59326171875],[373.123291015625,232.46128845214844,-44.54528045654297,178.19654846191406,74.0194091796875]]],[[[718.5,271.5,-0.0,91.0,1.0],[0.5,171.5,-90.0,1.0,343.0],[603.7500610351562,430.9999694824219,-90.0,229.5001220703125,96.0],[403.34954833984375,87.80014038085938,-90.0,630.6990966796875,164.3994140625],[206.04966735839844,420.85003662109375,0.0,115.49977111816406,411.8993225097656]]],[[[192.0,134.0,0.0,0.0,0.0],[146.5,478.5,0.0,0.9999998807907104,64.99998474121094],[511.5,0.5,0.0,1.0,63.0],[205.24977111816406,240.40017700195312,0.0,476.599365234375,409.4994812011719],[475.2997741699219,239.39987182617188,-90.0,486.59942626953125,478.39935302734375]]],[[[714.7320556640625,25.792842864990234,-32.84397506713867,94.0326156616211,29.547283172607422],[546.5,0.5,-90.0,103.0,1.0],[718.5,189.5,-0.0,101.0,1.0],[654.69677734375,382.10528564453125,0.0,106.20567321777344,127.00071716308594],[258.19598388671875,229.20211791992188,-90.0,515.5919189453125,441.99224853515625]]],[[[144.5,68.0,0.0,0.0,1.0],[240.83212280273438,399.7925109863281,-55.124759674072266,24.90029525756836,40.22446060180664],[359.5997619628906,239.60003662109375,0.0,477.9996337890625,718.199462890625]]],[[[215.5,478.5,0.0,1.0,57.0],[526.0,478.5,-0.0,0.9999998807907104,141.99996948242188],[330.9975891113281,478.6145324707031,-88.80650329589844,48.01041030883789,0.22911691665649414],[550.349853515625,239.75010681152344,-89.99999237060547,336.69976806640625,478.49981689453125],[145.5970458984375,225.6509246826172,0.0,447.0928039550781,290.19403076171875]]],[[[235.50514221191406,402.6151428222656,-50.82614517211914,15.36160945892334,34.8282356262207],[359.54974365234375,239.4501495361328,-90.0,718.2994384765625,478.0996398925781]]],[[[71.75167083740234,1.1823391914367676,-12.938069343566895,22.634450912475586,150.6544189453125],[705.158935546875,154.28456115722656,-28.367328643798828,469.2507629394531,91.94661712646484],[315.5,0.5,0.0,1.0,223.0],[359.7492980957031,281.0008544921875,-89.99999237060547,718.4985961914062,382.0003662109375]]],[[[412.0,0.0,0.0,0.0,0.0],[240.58624267578125,100.46553039550781,-78.11134338378906,42.12914276123047,14.884256362915039],[173.09994506835938,11.30000114440918,-90.0,345.79986572265625,21.39999008178711],[614.0421752929688,-1.0143508911132812,-71.63951873779297,236.0831756591797,39.58979797363281],[359.7488708496094,270.6006164550781,0.0,405.19927978515625,718.2979736328125]]],[[[12.050000190734863,181.0,-0.0,362.0,23.899999618530273],[135.3473358154297,464.58209228515625,-22.982284545898438,59.626312255859375,254.27647399902344],[450.4884033203125,230.65191650390625,-90.0,521.2052001953125,453.2923583984375]]],[[[508.5,103.5,86.18592071533203,0.0,15.033296585083008],[443.0,478.5,-90.0,126.0,1.0],[637.7500610351562,239.5,-90.0,161.5001220703125,479.0],[333.44659423828125,228.950439453125,-90.0,664.89306640625,457.49517822265625]]],[[[360.3975524902344,235.0503692626953,0.0,466.8967590332031,716.5950317382812],[407.93896484375,166.99623107910156,-41.4964714050293,102.81417846679688,104.13932800292969]]],[[[511.0,239.0,0.0,0.0,0.0],[519.5990600585938,239.34971618652344,-3.658780997284339e-6,477.899169921875,398.39910888671875],[128.3494873046875,240.40023803710938,0.0,476.599365234375,255.89892578125]]],[[[718.0,79.0,90.0,0.0,16.0],[719.3003540039062,8.78054141998291,-16.389657974243164,17.520050048828125,4.178840637207031],[359.648681640625,236.5503692626953,0.0,472.2982482910156,718.497314453125]]],[[[718.0,414.0,0.0,0.0,0.0],[106.0,0.5,-90.0,92.0,1.0],[469.6998596191406,177.74989318847656,0.0,354.4997253417969,498.39984130859375],[487.0,478.5,-90.0,464.0,1.0],[126.0499267578125,239.3500213623047,0.0,478.6997985839844,251.2999267578125]]],[[[293.0,72.0,0.0,0.0,0.0],[359.5982666015625,236.85060119628906,0.0,469.2976379394531,718.396484375]]],[[[1.0,356.0,0.0,0.0,0.0],[359.49786376953125,235.700439453125,-90.0,718.1956787109375,468.39715576171875]]],[[[231.06236267089844,405.0016174316406,-84.6441421508789,41.38094711303711,10.196799278259277],[359.59967041015625,240.05015563964844,-90.0,718.3992919921875,477.0995178222656]]],[[[293.5,478.0,0.0,0.0,47.0],[626.8997802734375,239.49993896484375,0.0,478.5997314453125,183.80001831054688],[429.0,478.5,-90.0,110.0,1.0],[126.19993591308594,287.8000793457031,-1.1455246067271219e-6,381.59991455078125,251.39996337890625],[296.0498352050781,24.099992752075195,0.0,47.79998016357422,591.899658203125]]],[[[647.5,4.600000381469727,-90.0,143.0,8.799999237060547],[382.5,25.25,-90.0,252.99996948242188,49.5],[359.4991455078125,237.5503387451172,-90.0,718.1982421875,474.2987976074219]]],[[[0.5,222.0,-0.0,146.0,1.0],[124.44905090332031,-0.5429668426513672,-18.047653198242188,58.47738265991211,272.01434326171875],[128.24850463867188,433.0491943359375,0.0,91.30162048339844,255.89697265625],[518.2998046875,239.60000610351562,-90.0,400.599853515625,478.39971923828125]]],[[[181.5,174.5,11.309932708740234,0.0,5.099019527435303],[342.5453186035156,272.05560302734375,-84.17366027832031,49.25443649291992,0.8933204412460327],[173.2495880126953,299.55267333984375,-89.99999237060547,345.4966125488281,313.10150146484375],[135.5994873046875,29.700119018554688,-90.0,270.7989501953125,58.59999084472656],[526.3489379882812,239.4998779296875,-90.0,384.9000244140625,478.1993408203125]]],[[[454.0,161.0,0.0,0.0,0.0],[365.0,277.0,0.0,0.0,0.0],[499.2999267578125,306.84991455078125,-90.0,438.5999755859375,343.6998291015625],[505.2998046875,48.14998245239258,-90.0,426.599853515625,95.49994659423828],[126.74981689453125,240.15016174316406,0.0,476.6993713378906,251.69979858398438]]],[[[404.0,240.0,0.0,0.0,0.0],[651.4888305664062,450.927001953125,-37.43157958984375,70.85223388671875,284.6121520996094],[208.39901733398438,236.75038146972656,0.0,469.4973449707031,413.19781494140625],[437.34613037109375,97.74995422363281,-90.0,562.6922607421875,191.49581909179688]]],[[[365.0,102.0,80.53767395019531,0.0,12.165525436401367],[242.419189453125,23.633056640625,-1.0608221292495728,46.00661087036133,125.97844696044922],[488.5,0.5,0.0,1.0,225.0],[128.34982299804688,239.30001831054688,0.0,478.59979248046875,255.89959716796875],[520.800048828125,239.5500030517578,-90.0,395.60009765625,478.8999938964844]]],[[[185.0,478.5,0.0,1.0,102.0],[217.18960571289062,394.4654846191406,-56.30986785888672,75.71654510498047,12.14158821105957],[3.7243309020996094,407.8997497558594,-23.40019416809082,186.3236846923828,43.31256103515625],[359.5496826171875,240.15003967285156,-90.0,718.29931640625,476.8995056152344]]],[[[225.0,400.0,0.0,0.0,0.0],[89.64998626708984,415.35003662109375,-90.0,178.70001220703125,126.7000732421875],[126.64984130859375,142.5500030517578,-1.5343373434006935e-6,284.8996276855469,250.69992065429688],[474.49993896484375,0.4999999403953552,-0.0,0.9999998807907104,274.99993896484375],[485.3000183105469,239.49996948242188,-90.0,466.60003662109375,478.7999267578125]]],[[[1.0,327.5,90.0,0.0,17.0],[0.3915090560913086,239.5047149658203,-2.4895529747009277,41.00474166870117,0.9990561604499817],[284.0,478.5,0.0,0.9999998807907104,109.99998474121094],[64.30317687988281,472.23541259765625,-58.83426284790039,184.46493530273438,60.73903274536133],[359.4479675292969,235.35047912597656,-90.0,718.2959594726562,466.0971374511719]]],[[[326.00250244140625,478.5355224609375,-4.085616588592529,0.6412234306335449,22.015338897705078],[433.5,478.5,0.0,1.0,73.0],[694.2999877929688,114.59999084472656,0.0,228.79995727539062,48.60009002685547],[621.7996826171875,383.79974365234375,-90.0,193.60009765625,189.599853515625],[307.19903564453125,238.55018615722656,-90.0,613.5980224609375,473.6986999511719]]],[[[0.3153850734233856,245.02310180664062,-7.125016689300537,8.062257766723633,0.3721041679382324],[643.5,478.5,-90.0,151.0,1.0],[718.5,300.5,-0.0,227.0,1.0],[359.3498229980469,84.70001220703125,-90.0,718.0996704101562,166.59979248046875],[253.09857177734375,404.3993835449219,0.0,122.60615539550781,505.797119140625]]],[[[145.0,67.0,0.0,0.0,0.0],[359.497802734375,234.60052490234375,-90.0,718.195556640625,467.197021484375]]],[[[523.0,113.0,0.0,0.0,0.0],[410.7319641113281,86.69818115234375,-86.42353057861328,73.59645080566406,73.80125427246094],[168.86558532714844,75.62185668945312,-33.4596061706543,312.386962890625,162.48373413085938],[624.949951171875,41.49999237060547,-90.0,187.9000244140625,82.99998474121094],[359.4411315917969,335.0009765625,-90.0,716.6824340820312,211.2109375]]],[[[165.0,222.0,0.0,0.0,0.0],[359.4945068359375,245.75242614746094,0.0,447.8925476074219,718.18896484375]]],]
